(kicad_pcb (version 20171130) (host pcbnew "(5.0.0-3-g5ebb6b6)")

  (general
    (thickness 1.6)
    (drawings 49)
    (tracks 782)
    (zones 0)
    (modules 64)
    (nets 91)
  )

  (page A4)
  (layers
    (0 Top signal)
    (1 Route2 signal hide)
    (2 Route15 signal hide)
    (31 Bottom signal hide)
    (32 B.Adhes user hide)
    (33 F.Adhes user hide)
    (34 B.Paste user hide)
    (35 F.Paste user hide)
    (36 B.SilkS user hide)
    (37 F.SilkS user)
    (38 B.Mask user hide)
    (39 F.Mask user hide)
    (40 Dwgs.User user hide)
    (41 Cmts.User user hide)
    (42 Eco1.User user hide)
    (43 Eco2.User user hide)
    (44 Edge.Cuts user)
    (45 Margin user hide)
    (46 B.CrtYd user hide)
    (47 F.CrtYd user hide)
    (48 B.Fab user hide)
    (49 F.Fab user hide)
  )

  (setup
    (last_trace_width 0.1524)
    (user_trace_width 0.1524)
    (user_trace_width 0.2032)
    (trace_clearance 0.1524)
    (zone_clearance 0.508)
    (zone_45_only no)
    (trace_min 0.1524)
    (segment_width 0.2)
    (edge_width 0.05)
    (via_size 0.8)
    (via_drill 0.4)
    (via_min_size 0.4)
    (via_min_drill 0.3)
    (uvia_size 0.3)
    (uvia_drill 0.1)
    (uvias_allowed no)
    (uvia_min_size 0.2)
    (uvia_min_drill 0.1)
    (pcb_text_width 0.3)
    (pcb_text_size 1.2 1.2)
    (mod_edge_width 0.12)
    (mod_text_size 0.4 0.4)
    (mod_text_width 0.08)
    (pad_size 4 4)
    (pad_drill 0)
    (pad_to_mask_clearance 0.051)
    (solder_mask_min_width 0.25)
    (aux_axis_origin 159.893 84.201)
    (grid_origin 159.893 70.231)
    (visible_elements 7FFFFFFF)
    (pcbplotparams
      (layerselection 0x010fc_ffffffff)
      (usegerberextensions true)
      (usegerberattributes false)
      (usegerberadvancedattributes false)
      (creategerberjobfile false)
      (excludeedgelayer true)
      (linewidth 0.100000)
      (plotframeref false)
      (viasonmask false)
      (mode 1)
      (useauxorigin false)
      (hpglpennumber 1)
      (hpglpenspeed 20)
      (hpglpendiameter 15.000000)
      (psnegative false)
      (psa4output false)
      (plotreference true)
      (plotvalue false)
      (plotinvisibletext false)
      (padsonsilk false)
      (subtractmaskfromsilk false)
      (outputformat 1)
      (mirror false)
      (drillshape 0)
      (scaleselection 1)
      (outputdirectory "gerbers/"))
  )

  (net 0 "")
  (net 1 GND)
  (net 2 +5V)
  (net 3 "Net-(C8-Pad2)")
  (net 4 "Net-(C22-Pad2)")
  (net 5 "Net-(C27-Pad1)")
  (net 6 "Net-(C28-Pad2)")
  (net 7 "Net-(C30-Pad1)")
  (net 8 "Net-(FUSE1-Pad2)")
  (net 9 "Net-(FUSE_0-Pad2)")
  (net 10 "Net-(IC2-Pad45)")
  (net 11 "Net-(IC2-Pad44)")
  (net 12 "Net-(IC2-Pad43)")
  (net 13 "Net-(IC2-Pad34)")
  (net 14 "Net-(IC2-Pad33)")
  (net 15 "Net-(IC2-Pad32)")
  (net 16 "Net-(IC2-Pad31)")
  (net 17 "Net-(IC2-Pad30)")
  (net 18 "Net-(IC2-Pad29)")
  (net 19 "Net-(IC2-Pad28)")
  (net 20 "Net-(IC2-Pad27)")
  (net 21 "Net-(IC2-Pad26)")
  (net 22 /TXD_EN)
  (net 23 /TMUX_SEL)
  (net 24 "Net-(IC2-Pad20)")
  (net 25 "Net-(IC2-Pad19)")
  (net 26 "Net-(IC2-Pad18)")
  (net 27 "Net-(IC2-Pad17)")
  (net 28 /HK_CSB)
  (net 29 /HK_SDO)
  (net 30 /RXD_HK_SDI)
  (net 31 /TXD_HK_SCK)
  (net 32 "Net-(IC2-Pad5)")
  (net 33 "Net-(IC2-Pad2)")
  (net 34 "Net-(IC2-Pad1)")
  (net 35 "Net-(IC3-Pad4)")
  (net 36 "Net-(IC3-Pad3)")
  (net 37 "Net-(IC4-Pad3)")
  (net 38 "Net-(J1-Pad4)")
  (net 39 "Net-(J1-PadSHELL)")
  (net 40 /I2C_SDA)
  (net 41 /SPI_SCK)
  (net 42 /I2C_SCL)
  (net 43 /SPI_SDI)
  (net 44 /P1)
  (net 45 /SPI_SDO)
  (net 46 /P0)
  (net 47 /SPI_CSB)
  (net 48 /RX0)
  (net 49 /TX0)
  (net 50 /NVREF)
  (net 51 /IRQ)
  (net 52 /P7)
  (net 53 /P6)
  (net 54 /P5)
  (net 55 /P4)
  (net 56 /P3)
  (net 57 /P2)
  (net 58 /XCLK)
  (net 59 /COMP_INN)
  (net 60 /COMP_INP)
  (net 61 /ANA_1)
  (net 62 /ANA_0)
  (net 63 /AOUT)
  (net 64 /VREF-)
  (net 65 /VREF+)
  (net 66 /P15)
  (net 67 /P14)
  (net 68 /P13)
  (net 69 /P12)
  (net 70 /P11)
  (net 71 /P10)
  (net 72 /P9)
  (net 73 /P8)
  (net 74 "Net-(LED8-PadA)")
  (net 75 "Net-(LED9-PadA)")
  (net 76 "Net-(LED10-PadA)")
  (net 77 "Net-(LED11-PadA)")
  (net 78 "Net-(LED12-PadA)")
  (net 79 "Net-(LED13-PadA)")
  (net 80 "Net-(LED14-PadA)")
  (net 81 /RAPTOR_D2)
  (net 82 /RAPTOR_CS)
  (net 83 "Net-(R4-Pad1)")
  (net 84 /RAPTOR_D3)
  (net 85 /RAPTOR_SCK)
  (net 86 /RAPTOR_D0)
  (net 87 /RAPTOR_D1)
  (net 88 "Net-(U$1-Pad5)")
  (net 89 "Net-(IC1-Pad14)")
  (net 90 "Net-(IC1-Pad13)")

  (net_class Default "This is the default net class."
    (clearance 0.1524)
    (trace_width 0.1524)
    (via_dia 0.8)
    (via_drill 0.4)
    (uvia_dia 0.3)
    (uvia_drill 0.1)
    (add_net /ANA_0)
    (add_net /ANA_1)
    (add_net /AOUT)
    (add_net /COMP_INN)
    (add_net /COMP_INP)
    (add_net /HK_CSB)
    (add_net /HK_SDO)
    (add_net /I2C_SCL)
    (add_net /I2C_SDA)
    (add_net /IRQ)
    (add_net /NVREF)
    (add_net /P0)
    (add_net /P1)
    (add_net /P10)
    (add_net /P11)
    (add_net /P12)
    (add_net /P13)
    (add_net /P14)
    (add_net /P15)
    (add_net /P2)
    (add_net /P3)
    (add_net /P4)
    (add_net /P5)
    (add_net /P6)
    (add_net /P7)
    (add_net /P8)
    (add_net /P9)
    (add_net /RAPTOR_CS)
    (add_net /RAPTOR_D0)
    (add_net /RAPTOR_D1)
    (add_net /RAPTOR_D2)
    (add_net /RAPTOR_D3)
    (add_net /RAPTOR_SCK)
    (add_net /RX0)
    (add_net /RXD_HK_SDI)
    (add_net /SPI_CSB)
    (add_net /SPI_SCK)
    (add_net /SPI_SDI)
    (add_net /SPI_SDO)
    (add_net /TMUX_SEL)
    (add_net /TX0)
    (add_net /TXD_EN)
    (add_net /TXD_HK_SCK)
    (add_net /VREF+)
    (add_net /VREF-)
    (add_net /XCLK)
    (add_net GND)
    (add_net "Net-(C22-Pad2)")
    (add_net "Net-(C27-Pad1)")
    (add_net "Net-(C28-Pad2)")
    (add_net "Net-(C30-Pad1)")
    (add_net "Net-(C8-Pad2)")
    (add_net "Net-(FUSE1-Pad2)")
    (add_net "Net-(FUSE_0-Pad2)")
    (add_net "Net-(IC1-Pad13)")
    (add_net "Net-(IC1-Pad14)")
    (add_net "Net-(IC2-Pad1)")
    (add_net "Net-(IC2-Pad17)")
    (add_net "Net-(IC2-Pad18)")
    (add_net "Net-(IC2-Pad19)")
    (add_net "Net-(IC2-Pad2)")
    (add_net "Net-(IC2-Pad20)")
    (add_net "Net-(IC2-Pad26)")
    (add_net "Net-(IC2-Pad27)")
    (add_net "Net-(IC2-Pad28)")
    (add_net "Net-(IC2-Pad29)")
    (add_net "Net-(IC2-Pad30)")
    (add_net "Net-(IC2-Pad31)")
    (add_net "Net-(IC2-Pad32)")
    (add_net "Net-(IC2-Pad33)")
    (add_net "Net-(IC2-Pad34)")
    (add_net "Net-(IC2-Pad43)")
    (add_net "Net-(IC2-Pad44)")
    (add_net "Net-(IC2-Pad45)")
    (add_net "Net-(IC2-Pad5)")
    (add_net "Net-(IC3-Pad3)")
    (add_net "Net-(IC3-Pad4)")
    (add_net "Net-(IC4-Pad3)")
    (add_net "Net-(J1-Pad4)")
    (add_net "Net-(J1-PadSHELL)")
    (add_net "Net-(LED10-PadA)")
    (add_net "Net-(LED11-PadA)")
    (add_net "Net-(LED12-PadA)")
    (add_net "Net-(LED13-PadA)")
    (add_net "Net-(LED14-PadA)")
    (add_net "Net-(LED8-PadA)")
    (add_net "Net-(LED9-PadA)")
    (add_net "Net-(R4-Pad1)")
    (add_net "Net-(U$1-Pad5)")
  )

  (net_class Power ""
    (clearance 0.1524)
    (trace_width 0.2032)
    (via_dia 0.8)
    (via_drill 0.4)
    (uvia_dia 0.3)
    (uvia_drill 0.1)
    (add_net +5V)
  )

  (module "parts and footprints:QFN56" (layer Top) (tedit 5E73DAC3) (tstamp 5EADDE2D)
    (at 148.323469 115.193455 225)
    (descr "<b>56-Lead QFN 8 x 8 mm LF56A</b><p>\nSource: Source: http://www.cypress.com .. cy7c68013a_5.pdf")
    (path /ECA671CA)
    (fp_text reference IC1 (at -3.893825 -4.504624 45) (layer F.SilkS)
      (effects (font (size 0.4 0.4) (thickness 0.08)) (justify left bottom))
    )
    (fp_text value RAVENAQFN56 (at -4 5.75 45) (layer F.Fab)
      (effects (font (size 0.4 0.4) (thickness 0.08)) (justify left bottom))
    )
    (fp_circle (center -4.419601 -4.3942) (end -4.2418 -4.4958) (layer F.SilkS) (width 0.15))
    (fp_poly (pts (xy -2.95 2.95) (xy 2.95 2.95) (xy 2.95 -2.95) (xy -2.95 -2.95)) (layer F.Mask) (width 0))
    (fp_poly (pts (xy -3.4 -4.1) (xy -3.4 -3.5) (xy -3.1 -3.5) (xy -3.1 -4.1)) (layer F.Mask) (width 0))
    (fp_poly (pts (xy -2.9 -4.1) (xy -2.9 -3.5) (xy -2.6 -3.5) (xy -2.6 -4.1)) (layer F.Mask) (width 0))
    (fp_poly (pts (xy -2.4 -4.1) (xy -2.4 -3.5) (xy -2.1 -3.5) (xy -2.1 -4.1)) (layer F.Mask) (width 0))
    (fp_poly (pts (xy -1.9 -4.1) (xy -1.9 -3.5) (xy -1.6 -3.5) (xy -1.6 -4.1)) (layer F.Mask) (width 0))
    (fp_poly (pts (xy -1.4 -4.1) (xy -1.4 -3.5) (xy -1.1 -3.5) (xy -1.1 -4.1)) (layer F.Mask) (width 0))
    (fp_poly (pts (xy -0.9 -4.1) (xy -0.9 -3.5) (xy -0.6 -3.5) (xy -0.6 -4.1)) (layer F.Mask) (width 0))
    (fp_poly (pts (xy -0.4 -4.1) (xy -0.4 -3.5) (xy -0.1 -3.5) (xy -0.1 -4.1)) (layer F.Mask) (width 0))
    (fp_poly (pts (xy 0.1 -4.1) (xy 0.1 -3.5) (xy 0.4 -3.5) (xy 0.4 -4.1)) (layer F.Mask) (width 0))
    (fp_poly (pts (xy 0.6 -4.1) (xy 0.6 -3.5) (xy 0.9 -3.5) (xy 0.9 -4.1)) (layer F.Mask) (width 0))
    (fp_poly (pts (xy 1.1 -4.1) (xy 1.1 -3.5) (xy 1.4 -3.5) (xy 1.4 -4.1)) (layer F.Mask) (width 0))
    (fp_poly (pts (xy 1.6 -4.1) (xy 1.6 -3.5) (xy 1.9 -3.5) (xy 1.9 -4.1)) (layer F.Mask) (width 0))
    (fp_poly (pts (xy 2.1 -4.1) (xy 2.1 -3.5) (xy 2.4 -3.5) (xy 2.4 -4.1)) (layer F.Mask) (width 0))
    (fp_poly (pts (xy 2.6 -4.1) (xy 2.6 -3.5) (xy 2.9 -3.5) (xy 2.9 -4.1)) (layer F.Mask) (width 0))
    (fp_poly (pts (xy 3.1 -4.1) (xy 3.1 -3.5) (xy 3.4 -3.5) (xy 3.4 -4.1)) (layer F.Mask) (width 0))
    (fp_poly (pts (xy 4.1 -3.4) (xy 3.5 -3.4) (xy 3.5 -3.1) (xy 4.1 -3.1)) (layer F.Mask) (width 0))
    (fp_poly (pts (xy 4.1 -2.9) (xy 3.5 -2.9) (xy 3.5 -2.6) (xy 4.1 -2.6)) (layer F.Mask) (width 0))
    (fp_poly (pts (xy 4.1 -2.4) (xy 3.5 -2.4) (xy 3.5 -2.1) (xy 4.1 -2.1)) (layer F.Mask) (width 0))
    (fp_poly (pts (xy 4.1 -1.9) (xy 3.5 -1.9) (xy 3.5 -1.6) (xy 4.1 -1.6)) (layer F.Mask) (width 0))
    (fp_poly (pts (xy 4.1 -1.4) (xy 3.5 -1.4) (xy 3.5 -1.1) (xy 4.1 -1.1)) (layer F.Mask) (width 0))
    (fp_poly (pts (xy 4.1 -0.9) (xy 3.5 -0.9) (xy 3.5 -0.6) (xy 4.1 -0.6)) (layer F.Mask) (width 0))
    (fp_poly (pts (xy 4.1 -0.4) (xy 3.5 -0.4) (xy 3.5 -0.1) (xy 4.1 -0.1)) (layer F.Mask) (width 0))
    (fp_poly (pts (xy 4.1 0.1) (xy 3.5 0.1) (xy 3.5 0.4) (xy 4.1 0.4)) (layer F.Mask) (width 0))
    (fp_poly (pts (xy 4.1 0.6) (xy 3.5 0.6) (xy 3.5 0.9) (xy 4.1 0.9)) (layer F.Mask) (width 0))
    (fp_poly (pts (xy 4.1 1.1) (xy 3.5 1.1) (xy 3.5 1.4) (xy 4.1 1.4)) (layer F.Mask) (width 0))
    (fp_poly (pts (xy 4.1 1.6) (xy 3.5 1.6) (xy 3.5 1.9) (xy 4.1 1.9)) (layer F.Mask) (width 0))
    (fp_poly (pts (xy 4.1 2.1) (xy 3.5 2.1) (xy 3.5 2.4) (xy 4.1 2.4)) (layer F.Mask) (width 0))
    (fp_poly (pts (xy 4.1 2.6) (xy 3.5 2.6) (xy 3.5 2.9) (xy 4.1 2.9)) (layer F.Mask) (width 0))
    (fp_poly (pts (xy 4.1 3.1) (xy 3.5 3.1) (xy 3.5 3.4) (xy 4.1 3.4)) (layer F.Mask) (width 0))
    (fp_poly (pts (xy 3.4 4.1) (xy 3.4 3.5) (xy 3.1 3.5) (xy 3.1 4.1)) (layer F.Mask) (width 0))
    (fp_poly (pts (xy 2.9 4.1) (xy 2.9 3.5) (xy 2.6 3.5) (xy 2.6 4.1)) (layer F.Mask) (width 0))
    (fp_poly (pts (xy 2.4 4.1) (xy 2.4 3.5) (xy 2.1 3.5) (xy 2.1 4.1)) (layer F.Mask) (width 0))
    (fp_poly (pts (xy 1.9 4.1) (xy 1.9 3.5) (xy 1.6 3.5) (xy 1.6 4.1)) (layer F.Mask) (width 0))
    (fp_poly (pts (xy 1.4 4.1) (xy 1.4 3.5) (xy 1.1 3.5) (xy 1.1 4.1)) (layer F.Mask) (width 0))
    (fp_poly (pts (xy 0.9 4.1) (xy 0.9 3.5) (xy 0.6 3.5) (xy 0.6 4.1)) (layer F.Mask) (width 0))
    (fp_poly (pts (xy 0.4 4.1) (xy 0.4 3.5) (xy 0.1 3.5) (xy 0.1 4.1)) (layer F.Mask) (width 0))
    (fp_poly (pts (xy -0.1 4.1) (xy -0.1 3.5) (xy -0.4 3.5) (xy -0.4 4.1)) (layer F.Mask) (width 0))
    (fp_poly (pts (xy -0.6 4.1) (xy -0.6 3.5) (xy -0.9 3.5) (xy -0.9 4.1)) (layer F.Mask) (width 0))
    (fp_poly (pts (xy -1.1 4.1) (xy -1.1 3.5) (xy -1.4 3.5) (xy -1.4 4.1)) (layer F.Mask) (width 0))
    (fp_poly (pts (xy -1.6 4.1) (xy -1.6 3.5) (xy -1.9 3.5) (xy -1.9 4.1)) (layer F.Mask) (width 0))
    (fp_poly (pts (xy -2.1 4.1) (xy -2.1 3.5) (xy -2.4 3.5) (xy -2.4 4.1)) (layer F.Mask) (width 0))
    (fp_poly (pts (xy -2.6 4.1) (xy -2.6 3.5) (xy -2.9 3.5) (xy -2.9 4.1)) (layer F.Mask) (width 0))
    (fp_poly (pts (xy -3.1 4.1) (xy -3.1 3.5) (xy -3.4 3.5) (xy -3.4 4.1)) (layer F.Mask) (width 0))
    (fp_poly (pts (xy -4.1 3.4) (xy -3.5 3.4) (xy -3.5 3.1) (xy -4.1 3.1)) (layer F.Mask) (width 0))
    (fp_poly (pts (xy -4.1 2.9) (xy -3.5 2.9) (xy -3.5 2.6) (xy -4.1 2.6)) (layer F.Mask) (width 0))
    (fp_poly (pts (xy -4.1 2.4) (xy -3.5 2.4) (xy -3.5 2.1) (xy -4.1 2.1)) (layer F.Mask) (width 0))
    (fp_poly (pts (xy -4.1 1.9) (xy -3.5 1.9) (xy -3.5 1.6) (xy -4.1 1.6)) (layer F.Mask) (width 0))
    (fp_poly (pts (xy -4.1 1.4) (xy -3.5 1.4) (xy -3.5 1.1) (xy -4.1 1.1)) (layer F.Mask) (width 0))
    (fp_poly (pts (xy -4.1 0.9) (xy -3.5 0.9) (xy -3.5 0.6) (xy -4.1 0.6)) (layer F.Mask) (width 0))
    (fp_poly (pts (xy -4.1 0.4) (xy -3.5 0.4) (xy -3.5 0.1) (xy -4.1 0.1)) (layer F.Mask) (width 0))
    (fp_poly (pts (xy -4.1 -0.1) (xy -3.5 -0.1) (xy -3.5 -0.4) (xy -4.1 -0.4)) (layer F.Mask) (width 0))
    (fp_poly (pts (xy -4.1 -0.6) (xy -3.5 -0.6) (xy -3.5 -0.9) (xy -4.1 -0.9)) (layer F.Mask) (width 0))
    (fp_poly (pts (xy -4.1 -1.1) (xy -3.5 -1.1) (xy -3.5 -1.4) (xy -4.1 -1.4)) (layer F.Mask) (width 0))
    (fp_poly (pts (xy -4.1 -1.6) (xy -3.5 -1.6) (xy -3.5 -1.9) (xy -4.1 -1.9)) (layer F.Mask) (width 0))
    (fp_poly (pts (xy -4.1 -2.1) (xy -3.5 -2.1) (xy -3.5 -2.4) (xy -4.1 -2.4)) (layer F.Mask) (width 0))
    (fp_poly (pts (xy -4.1 -2.6) (xy -3.5 -2.6) (xy -3.5 -2.9) (xy -4.1 -2.9)) (layer F.Mask) (width 0))
    (fp_poly (pts (xy -4.1 -3.1) (xy -3.5 -3.1) (xy -3.5 -3.4) (xy -4.1 -3.4)) (layer F.Mask) (width 0))
    (fp_line (start -3.95 -3.95) (end -3.95 3.95) (layer F.Fab) (width 0.2032))
    (fp_line (start 3.95 -3.95) (end -3.95 -3.95) (layer F.Fab) (width 0.2032))
    (fp_line (start 3.95 3.95) (end 3.95 -3.95) (layer F.Fab) (width 0.2032))
    (fp_line (start -3.95 3.95) (end 3.95 3.95) (layer F.Fab) (width 0.2032))
    (pad EPAD smd roundrect (at 0 0 225) (size 4 4) (layers Top F.Mask) (roundrect_rratio 0.05)
      (net 1 GND) (solder_mask_margin 0.1016))
    (pad 56 smd roundrect (at -3.25 -3.8 225) (size 0.3 0.6) (layers Top F.Paste F.Mask) (roundrect_rratio 0.25)
      (net 70 /P11) (solder_mask_margin 0.1016))
    (pad 55 smd roundrect (at -2.75 -3.8 225) (size 0.3 0.6) (layers Top F.Paste F.Mask) (roundrect_rratio 0.25)
      (net 71 /P10) (solder_mask_margin 0.1016))
    (pad 54 smd roundrect (at -2.25 -3.8 225) (size 0.3 0.6) (layers Top F.Paste F.Mask) (roundrect_rratio 0.25)
      (net 72 /P9) (solder_mask_margin 0.1016))
    (pad 53 smd roundrect (at -1.75 -3.8 225) (size 0.3 0.6) (layers Top F.Paste F.Mask) (roundrect_rratio 0.25)
      (net 73 /P8) (solder_mask_margin 0.1016))
    (pad 52 smd roundrect (at -1.25 -3.8 225) (size 0.3 0.6) (layers Top F.Paste F.Mask) (roundrect_rratio 0.25)
      (net 52 /P7) (solder_mask_margin 0.1016))
    (pad 51 smd roundrect (at -0.75 -3.8 225) (size 0.3 0.6) (layers Top F.Paste F.Mask) (roundrect_rratio 0.25)
      (net 53 /P6) (solder_mask_margin 0.1016))
    (pad 50 smd roundrect (at -0.25 -3.8 225) (size 0.3 0.6) (layers Top F.Paste F.Mask) (roundrect_rratio 0.25)
      (net 54 /P5) (solder_mask_margin 0.1016))
    (pad 49 smd roundrect (at 0.25 -3.8 225) (size 0.3 0.6) (layers Top F.Paste F.Mask) (roundrect_rratio 0.25)
      (net 55 /P4) (solder_mask_margin 0.1016))
    (pad 48 smd roundrect (at 0.75 -3.8 225) (size 0.3 0.6) (layers Top F.Paste F.Mask) (roundrect_rratio 0.25)
      (net 56 /P3) (solder_mask_margin 0.1016))
    (pad 47 smd roundrect (at 1.25 -3.8 225) (size 0.3 0.6) (layers Top F.Paste F.Mask) (roundrect_rratio 0.25)
      (net 57 /P2) (solder_mask_margin 0.1016))
    (pad 46 smd roundrect (at 1.75 -3.8 225) (size 0.3 0.6) (layers Top F.Paste F.Mask) (roundrect_rratio 0.25)
      (net 44 /P1) (solder_mask_margin 0.1016))
    (pad 45 smd roundrect (at 2.25 -3.8 225) (size 0.3 0.6) (layers Top F.Paste F.Mask) (roundrect_rratio 0.25)
      (net 46 /P0) (solder_mask_margin 0.1016))
    (pad 44 smd roundrect (at 2.75 -3.8 225) (size 0.3 0.6) (layers Top F.Paste F.Mask) (roundrect_rratio 0.25)
      (net 7 "Net-(C30-Pad1)") (solder_mask_margin 0.1016))
    (pad 43 smd roundrect (at 3.25 -3.8 225) (size 0.3 0.6) (layers Top F.Paste F.Mask) (roundrect_rratio 0.25)
      (net 2 +5V) (solder_mask_margin 0.1016))
    (pad 42 smd roundrect (at 3.8 -3.25 135) (size 0.3 0.6) (layers Top F.Paste F.Mask) (roundrect_rratio 0.25)
      (net 1 GND) (solder_mask_margin 0.1016))
    (pad 41 smd roundrect (at 3.8 -2.75 135) (size 0.3 0.6) (layers Top F.Paste F.Mask) (roundrect_rratio 0.25)
      (net 43 /SPI_SDI) (solder_mask_margin 0.1016))
    (pad 40 smd roundrect (at 3.8 -2.25 135) (size 0.3 0.6) (layers Top F.Paste F.Mask) (roundrect_rratio 0.25)
      (net 1 GND) (solder_mask_margin 0.1016))
    (pad 39 smd roundrect (at 3.8 -1.75 135) (size 0.3 0.6) (layers Top F.Paste F.Mask) (roundrect_rratio 0.25)
      (net 47 /SPI_CSB) (solder_mask_margin 0.1016))
    (pad 38 smd roundrect (at 3.8 -1.25 135) (size 0.3 0.6) (layers Top F.Paste F.Mask) (roundrect_rratio 0.25)
      (net 41 /SPI_SCK) (solder_mask_margin 0.1016))
    (pad 37 smd roundrect (at 3.8 -0.75 135) (size 0.3 0.6) (layers Top F.Paste F.Mask) (roundrect_rratio 0.25)
      (net 45 /SPI_SDO) (solder_mask_margin 0.1016))
    (pad 36 smd roundrect (at 3.8 -0.25 135) (size 0.3 0.6) (layers Top F.Paste F.Mask) (roundrect_rratio 0.25)
      (net 48 /RX0) (solder_mask_margin 0.1016))
    (pad 35 smd roundrect (at 3.8 0.25 135) (size 0.3 0.6) (layers Top F.Paste F.Mask) (roundrect_rratio 0.25)
      (net 49 /TX0) (solder_mask_margin 0.1016))
    (pad 34 smd roundrect (at 3.8 0.75 135) (size 0.3 0.6) (layers Top F.Paste F.Mask) (roundrect_rratio 0.25)
      (net 6 "Net-(C28-Pad2)") (solder_mask_margin 0.1016))
    (pad 33 smd roundrect (at 3.8 1.25 135) (size 0.3 0.6) (layers Top F.Paste F.Mask) (roundrect_rratio 0.25)
      (net 1 GND) (solder_mask_margin 0.1016))
    (pad 32 smd roundrect (at 3.8 1.75 135) (size 0.3 0.6) (layers Top F.Paste F.Mask) (roundrect_rratio 0.25)
      (net 42 /I2C_SCL) (solder_mask_margin 0.1016))
    (pad 31 smd roundrect (at 3.8 2.25 135) (size 0.3 0.6) (layers Top F.Paste F.Mask) (roundrect_rratio 0.25)
      (net 40 /I2C_SDA) (solder_mask_margin 0.1016))
    (pad 30 smd roundrect (at 3.8 2.75 135) (size 0.3 0.6) (layers Top F.Paste F.Mask) (roundrect_rratio 0.25)
      (net 1 GND) (solder_mask_margin 0.1016))
    (pad 29 smd roundrect (at 3.8 3.25 135) (size 0.3 0.6) (layers Top F.Paste F.Mask) (roundrect_rratio 0.25)
      (net 51 /IRQ) (solder_mask_margin 0.1016))
    (pad 28 smd roundrect (at 3.25 3.8 45) (size 0.3 0.6) (layers Top F.Paste F.Mask) (roundrect_rratio 0.25)
      (net 58 /XCLK) (solder_mask_margin 0.1016))
    (pad 27 smd roundrect (at 2.75 3.8 45) (size 0.3 0.6) (layers Top F.Paste F.Mask) (roundrect_rratio 0.25)
      (net 1 GND) (solder_mask_margin 0.1016))
    (pad 26 smd roundrect (at 2.25 3.8 45) (size 0.3 0.6) (layers Top F.Paste F.Mask) (roundrect_rratio 0.25)
      (net 84 /RAPTOR_D3) (solder_mask_margin 0.1016))
    (pad 25 smd roundrect (at 1.75 3.8 45) (size 0.3 0.6) (layers Top F.Paste F.Mask) (roundrect_rratio 0.25)
      (net 81 /RAPTOR_D2) (solder_mask_margin 0.1016))
    (pad 24 smd roundrect (at 1.25 3.8 45) (size 0.3 0.6) (layers Top F.Paste F.Mask) (roundrect_rratio 0.25)
      (net 87 /RAPTOR_D1) (solder_mask_margin 0.1016))
    (pad 23 smd roundrect (at 0.75 3.8 45) (size 0.3 0.6) (layers Top F.Paste F.Mask) (roundrect_rratio 0.25)
      (net 86 /RAPTOR_D0) (solder_mask_margin 0.1016))
    (pad 22 smd roundrect (at 0.25 3.8 45) (size 0.3 0.6) (layers Top F.Paste F.Mask) (roundrect_rratio 0.25)
      (net 82 /RAPTOR_CS) (solder_mask_margin 0.1016))
    (pad 21 smd roundrect (at -0.25 3.8 45) (size 0.3 0.6) (layers Top F.Paste F.Mask) (roundrect_rratio 0.25)
      (net 85 /RAPTOR_SCK) (solder_mask_margin 0.1016))
    (pad 20 smd roundrect (at -0.75 3.8 45) (size 0.3 0.6) (layers Top F.Paste F.Mask) (roundrect_rratio 0.25)
      (net 5 "Net-(C27-Pad1)") (solder_mask_margin 0.1016))
    (pad 19 smd roundrect (at -1.25 3.8 45) (size 0.3 0.6) (layers Top F.Paste F.Mask) (roundrect_rratio 0.25)
      (net 2 +5V) (solder_mask_margin 0.1016))
    (pad 18 smd roundrect (at -1.75 3.8 45) (size 0.3 0.6) (layers Top F.Paste F.Mask) (roundrect_rratio 0.25)
      (net 31 /TXD_HK_SCK) (solder_mask_margin 0.1016))
    (pad 17 smd roundrect (at -2.25 3.8 45) (size 0.3 0.6) (layers Top F.Paste F.Mask) (roundrect_rratio 0.25)
      (net 28 /HK_CSB) (solder_mask_margin 0.1016))
    (pad 16 smd roundrect (at -2.75 3.8 45) (size 0.3 0.6) (layers Top F.Paste F.Mask) (roundrect_rratio 0.25)
      (net 30 /RXD_HK_SDI) (solder_mask_margin 0.1016))
    (pad 15 smd roundrect (at -3.25 3.8 45) (size 0.3 0.6) (layers Top F.Paste F.Mask) (roundrect_rratio 0.25)
      (net 29 /HK_SDO) (solder_mask_margin 0.1016))
    (pad 14 smd roundrect (at -3.8 3.25 315) (size 0.3 0.6) (layers Top F.Paste F.Mask) (roundrect_rratio 0.25)
      (net 89 "Net-(IC1-Pad14)") (solder_mask_margin 0.1016))
    (pad 13 smd roundrect (at -3.8 2.75 315) (size 0.3 0.6) (layers Top F.Paste F.Mask) (roundrect_rratio 0.25)
      (net 90 "Net-(IC1-Pad13)") (solder_mask_margin 0.1016))
    (pad 12 smd roundrect (at -3.8 2.25 315) (size 0.3 0.6) (layers Top F.Paste F.Mask) (roundrect_rratio 0.25)
      (net 50 /NVREF) (solder_mask_margin 0.1016))
    (pad 11 smd roundrect (at -3.8 1.75 315) (size 0.3 0.6) (layers Top F.Paste F.Mask) (roundrect_rratio 0.25)
      (net 62 /ANA_0) (solder_mask_margin 0.1016))
    (pad 10 smd roundrect (at -3.8 1.25 315) (size 0.3 0.6) (layers Top F.Paste F.Mask) (roundrect_rratio 0.25)
      (net 61 /ANA_1) (solder_mask_margin 0.1016))
    (pad 9 smd roundrect (at -3.8 0.75 315) (size 0.3 0.6) (layers Top F.Paste F.Mask) (roundrect_rratio 0.25)
      (net 64 /VREF-) (solder_mask_margin 0.1016))
    (pad 8 smd roundrect (at -3.8 0.25 315) (size 0.3 0.6) (layers Top F.Paste F.Mask) (roundrect_rratio 0.25)
      (net 65 /VREF+) (solder_mask_margin 0.1016))
    (pad 7 smd roundrect (at -3.8 -0.25 315) (size 0.3 0.6) (layers Top F.Paste F.Mask) (roundrect_rratio 0.25)
      (net 63 /AOUT) (solder_mask_margin 0.1016))
    (pad 6 smd roundrect (at -3.8 -0.75 315) (size 0.3 0.6) (layers Top F.Paste F.Mask) (roundrect_rratio 0.25)
      (net 59 /COMP_INN) (solder_mask_margin 0.1016))
    (pad 5 smd roundrect (at -3.8 -1.25 315) (size 0.3 0.6) (layers Top F.Paste F.Mask) (roundrect_rratio 0.25)
      (net 60 /COMP_INP) (solder_mask_margin 0.1016))
    (pad 4 smd roundrect (at -3.8 -1.75 315) (size 0.3 0.6) (layers Top F.Paste F.Mask) (roundrect_rratio 0.25)
      (net 66 /P15) (solder_mask_margin 0.1016))
    (pad 3 smd roundrect (at -3.8 -2.25 315) (size 0.3 0.6) (layers Top F.Paste F.Mask) (roundrect_rratio 0.25)
      (net 67 /P14) (solder_mask_margin 0.1016))
    (pad 2 smd roundrect (at -3.8 -2.75 315) (size 0.3 0.6) (layers Top F.Paste F.Mask) (roundrect_rratio 0.25)
      (net 68 /P13) (solder_mask_margin 0.1016))
    (pad 1 smd roundrect (at -3.8 -3.25 315) (size 0.3 0.6) (layers Top F.Paste F.Mask) (roundrect_rratio 0.25)
      (net 69 /P12) (solder_mask_margin 0.1016))
    (model "/Library/Application Support/kicad/modules/Package_DFN_QFN.pretty/QFN-56-1EP_8x8mm_P0.5mm_EP4.6x5.3mm.kicad_mod"
      (at (xyz 0 0 0))
      (scale (xyz 1 1 1))
      (rotate (xyz 0 0 0))
    )
  )

  (module Resistor_SMD:R_0603_1608Metric (layer Bottom) (tedit 5B301BBD) (tstamp 5E7F29F3)
    (at 149.733 98.171 180)
    (descr "Resistor SMD 0603 (1608 Metric), square (rectangular) end terminal, IPC_7351 nominal, (Body size source: http://www.tortai-tech.com/upload/download/2011102023233369053.pdf), generated with kicad-footprint-generator")
    (tags resistor)
    (path /DE04AF3C)
    (attr smd)
    (fp_text reference R1 (at 0 1.43 180) (layer B.SilkS)
      (effects (font (size 0.4 0.4) (thickness 0.08)) (justify mirror))
    )
    (fp_text value 10K (at 0 -1.43 180) (layer B.Fab)
      (effects (font (size 0.4 0.4) (thickness 0.08)) (justify mirror))
    )
    (fp_text user %R (at 0 0 180) (layer B.Fab)
      (effects (font (size 0.4 0.4) (thickness 0.08)) (justify mirror))
    )
    (fp_line (start 1.48 -0.73) (end -1.48 -0.73) (layer B.CrtYd) (width 0.05))
    (fp_line (start 1.48 0.73) (end 1.48 -0.73) (layer B.CrtYd) (width 0.05))
    (fp_line (start -1.48 0.73) (end 1.48 0.73) (layer B.CrtYd) (width 0.05))
    (fp_line (start -1.48 -0.73) (end -1.48 0.73) (layer B.CrtYd) (width 0.05))
    (fp_line (start -0.162779 -0.51) (end 0.162779 -0.51) (layer B.SilkS) (width 0.12))
    (fp_line (start -0.162779 0.51) (end 0.162779 0.51) (layer B.SilkS) (width 0.12))
    (fp_line (start 0.8 -0.4) (end -0.8 -0.4) (layer B.Fab) (width 0.1))
    (fp_line (start 0.8 0.4) (end 0.8 -0.4) (layer B.Fab) (width 0.1))
    (fp_line (start -0.8 0.4) (end 0.8 0.4) (layer B.Fab) (width 0.1))
    (fp_line (start -0.8 -0.4) (end -0.8 0.4) (layer B.Fab) (width 0.1))
    (pad 2 smd roundrect (at 0.7875 0 180) (size 0.875 0.95) (layers Bottom B.Paste B.Mask) (roundrect_rratio 0.25)
      (net 81 /RAPTOR_D2))
    (pad 1 smd roundrect (at -0.7875 0 180) (size 0.875 0.95) (layers Bottom B.Paste B.Mask) (roundrect_rratio 0.25)
      (net 2 +5V))
    (model ${KISYS3DMOD}/Resistor_SMD.3dshapes/R_0603_1608Metric.wrl
      (at (xyz 0 0 0))
      (scale (xyz 1 1 1))
      (rotate (xyz 0 0 0))
    )
  )

  (module Resistor_SMD:R_0603_1608Metric (layer Bottom) (tedit 5B301BBD) (tstamp 5E7F26BE)
    (at 156.083 96.646 90)
    (descr "Resistor SMD 0603 (1608 Metric), square (rectangular) end terminal, IPC_7351 nominal, (Body size source: http://www.tortai-tech.com/upload/download/2011102023233369053.pdf), generated with kicad-footprint-generator")
    (tags resistor)
    (path /5EC676BD)
    (attr smd)
    (fp_text reference R12 (at 0 1.43 90) (layer B.SilkS)
      (effects (font (size 0.4 0.4) (thickness 0.08)) (justify mirror))
    )
    (fp_text value 10K (at 0 -1.43 90) (layer B.Fab)
      (effects (font (size 0.4 0.4) (thickness 0.08)) (justify mirror))
    )
    (fp_text user %R (at 0 0 90) (layer B.Fab)
      (effects (font (size 0.4 0.4) (thickness 0.08)) (justify mirror))
    )
    (fp_line (start 1.48 -0.73) (end -1.48 -0.73) (layer B.CrtYd) (width 0.05))
    (fp_line (start 1.48 0.73) (end 1.48 -0.73) (layer B.CrtYd) (width 0.05))
    (fp_line (start -1.48 0.73) (end 1.48 0.73) (layer B.CrtYd) (width 0.05))
    (fp_line (start -1.48 -0.73) (end -1.48 0.73) (layer B.CrtYd) (width 0.05))
    (fp_line (start -0.162779 -0.51) (end 0.162779 -0.51) (layer B.SilkS) (width 0.12))
    (fp_line (start -0.162779 0.51) (end 0.162779 0.51) (layer B.SilkS) (width 0.12))
    (fp_line (start 0.8 -0.4) (end -0.8 -0.4) (layer B.Fab) (width 0.1))
    (fp_line (start 0.8 0.4) (end 0.8 -0.4) (layer B.Fab) (width 0.1))
    (fp_line (start -0.8 0.4) (end 0.8 0.4) (layer B.Fab) (width 0.1))
    (fp_line (start -0.8 -0.4) (end -0.8 0.4) (layer B.Fab) (width 0.1))
    (pad 2 smd roundrect (at 0.7875 0 90) (size 0.875 0.95) (layers Bottom B.Paste B.Mask) (roundrect_rratio 0.25)
      (net 84 /RAPTOR_D3))
    (pad 1 smd roundrect (at -0.7875 0 90) (size 0.875 0.95) (layers Bottom B.Paste B.Mask) (roundrect_rratio 0.25)
      (net 2 +5V))
    (model ${KISYS3DMOD}/Resistor_SMD.3dshapes/R_0603_1608Metric.wrl
      (at (xyz 0 0 0))
      (scale (xyz 1 1 1))
      (rotate (xyz 0 0 0))
    )
  )

  (module Resistor_SMD:R_0603_1608Metric (layer Top) (tedit 5B301BBD) (tstamp 5E7F26A6)
    (at 150.241 100.457 270)
    (descr "Resistor SMD 0603 (1608 Metric), square (rectangular) end terminal, IPC_7351 nominal, (Body size source: http://www.tortai-tech.com/upload/download/2011102023233369053.pdf), generated with kicad-footprint-generator")
    (tags resistor)
    (path /5E742168)
    (attr smd)
    (fp_text reference R13 (at 0 -1.43 270) (layer F.SilkS)
      (effects (font (size 0.4 0.4) (thickness 0.08)))
    )
    (fp_text value 150 (at 0 1.43 270) (layer F.Fab)
      (effects (font (size 0.4 0.4) (thickness 0.08)))
    )
    (fp_text user %R (at 0 0 270) (layer F.Fab)
      (effects (font (size 0.4 0.4) (thickness 0.08)))
    )
    (fp_line (start 1.48 0.73) (end -1.48 0.73) (layer F.CrtYd) (width 0.05))
    (fp_line (start 1.48 -0.73) (end 1.48 0.73) (layer F.CrtYd) (width 0.05))
    (fp_line (start -1.48 -0.73) (end 1.48 -0.73) (layer F.CrtYd) (width 0.05))
    (fp_line (start -1.48 0.73) (end -1.48 -0.73) (layer F.CrtYd) (width 0.05))
    (fp_line (start -0.162779 0.51) (end 0.162779 0.51) (layer F.SilkS) (width 0.12))
    (fp_line (start -0.162779 -0.51) (end 0.162779 -0.51) (layer F.SilkS) (width 0.12))
    (fp_line (start 0.8 0.4) (end -0.8 0.4) (layer F.Fab) (width 0.1))
    (fp_line (start 0.8 -0.4) (end 0.8 0.4) (layer F.Fab) (width 0.1))
    (fp_line (start -0.8 -0.4) (end 0.8 -0.4) (layer F.Fab) (width 0.1))
    (fp_line (start -0.8 0.4) (end -0.8 -0.4) (layer F.Fab) (width 0.1))
    (pad 2 smd roundrect (at 0.7875 0 270) (size 0.875 0.95) (layers Top F.Paste F.Mask) (roundrect_rratio 0.25)
      (net 75 "Net-(LED9-PadA)"))
    (pad 1 smd roundrect (at -0.7875 0 270) (size 0.875 0.95) (layers Top F.Paste F.Mask) (roundrect_rratio 0.25)
      (net 2 +5V))
    (model ${KISYS3DMOD}/Resistor_SMD.3dshapes/R_0603_1608Metric.wrl
      (at (xyz 0 0 0))
      (scale (xyz 1 1 1))
      (rotate (xyz 0 0 0))
    )
  )

  (module Resistor_SMD:R_0603_1608Metric (layer Bottom) (tedit 5B301BBD) (tstamp 5E1E0EC0)
    (at 156.21 103.885 90)
    (descr "Resistor SMD 0603 (1608 Metric), square (rectangular) end terminal, IPC_7351 nominal, (Body size source: http://www.tortai-tech.com/upload/download/2011102023233369053.pdf), generated with kicad-footprint-generator")
    (tags resistor)
    (path /5EE03657)
    (attr smd)
    (fp_text reference R14 (at 0 1.43 90) (layer B.SilkS)
      (effects (font (size 0.4 0.4) (thickness 0.08)) (justify mirror))
    )
    (fp_text value 10K (at 0 -1.43 90) (layer B.Fab)
      (effects (font (size 0.4 0.4) (thickness 0.08)) (justify mirror))
    )
    (fp_text user %R (at 0 0 90) (layer B.Fab)
      (effects (font (size 0.4 0.4) (thickness 0.08)) (justify mirror))
    )
    (fp_line (start 1.48 -0.73) (end -1.48 -0.73) (layer B.CrtYd) (width 0.05))
    (fp_line (start 1.48 0.73) (end 1.48 -0.73) (layer B.CrtYd) (width 0.05))
    (fp_line (start -1.48 0.73) (end 1.48 0.73) (layer B.CrtYd) (width 0.05))
    (fp_line (start -1.48 -0.73) (end -1.48 0.73) (layer B.CrtYd) (width 0.05))
    (fp_line (start -0.162779 -0.51) (end 0.162779 -0.51) (layer B.SilkS) (width 0.12))
    (fp_line (start -0.162779 0.51) (end 0.162779 0.51) (layer B.SilkS) (width 0.12))
    (fp_line (start 0.8 -0.4) (end -0.8 -0.4) (layer B.Fab) (width 0.1))
    (fp_line (start 0.8 0.4) (end 0.8 -0.4) (layer B.Fab) (width 0.1))
    (fp_line (start -0.8 0.4) (end 0.8 0.4) (layer B.Fab) (width 0.1))
    (fp_line (start -0.8 -0.4) (end -0.8 0.4) (layer B.Fab) (width 0.1))
    (pad 2 smd roundrect (at 0.7875 0 90) (size 0.875 0.95) (layers Bottom B.Paste B.Mask) (roundrect_rratio 0.25)
      (net 11 "Net-(IC2-Pad44)"))
    (pad 1 smd roundrect (at -0.7875 0 90) (size 0.875 0.95) (layers Bottom B.Paste B.Mask) (roundrect_rratio 0.25)
      (net 2 +5V))
    (model ${KISYS3DMOD}/Resistor_SMD.3dshapes/R_0603_1608Metric.wrl
      (at (xyz 0 0 0))
      (scale (xyz 1 1 1))
      (rotate (xyz 0 0 0))
    )
  )

  (module Resistor_SMD:R_0603_1608Metric (layer Top) (tedit 5B301BBD) (tstamp 5E7F3D9A)
    (at 141.8335 86.4142 180)
    (descr "Resistor SMD 0603 (1608 Metric), square (rectangular) end terminal, IPC_7351 nominal, (Body size source: http://www.tortai-tech.com/upload/download/2011102023233369053.pdf), generated with kicad-footprint-generator")
    (tags resistor)
    (path /85DB5CEB)
    (attr smd)
    (fp_text reference R17 (at 0 -1.43 180) (layer F.SilkS)
      (effects (font (size 0.4 0.4) (thickness 0.08)))
    )
    (fp_text value 150 (at 0 1.43 180) (layer F.Fab)
      (effects (font (size 0.4 0.4) (thickness 0.08)))
    )
    (fp_text user %R (at 0 0 180) (layer F.Fab)
      (effects (font (size 0.4 0.4) (thickness 0.08)))
    )
    (fp_line (start 1.48 0.73) (end -1.48 0.73) (layer F.CrtYd) (width 0.05))
    (fp_line (start 1.48 -0.73) (end 1.48 0.73) (layer F.CrtYd) (width 0.05))
    (fp_line (start -1.48 -0.73) (end 1.48 -0.73) (layer F.CrtYd) (width 0.05))
    (fp_line (start -1.48 0.73) (end -1.48 -0.73) (layer F.CrtYd) (width 0.05))
    (fp_line (start -0.162779 0.51) (end 0.162779 0.51) (layer F.SilkS) (width 0.12))
    (fp_line (start -0.162779 -0.51) (end 0.162779 -0.51) (layer F.SilkS) (width 0.12))
    (fp_line (start 0.8 0.4) (end -0.8 0.4) (layer F.Fab) (width 0.1))
    (fp_line (start 0.8 -0.4) (end 0.8 0.4) (layer F.Fab) (width 0.1))
    (fp_line (start -0.8 -0.4) (end 0.8 -0.4) (layer F.Fab) (width 0.1))
    (fp_line (start -0.8 0.4) (end -0.8 -0.4) (layer F.Fab) (width 0.1))
    (pad 2 smd roundrect (at 0.7875 0 180) (size 0.875 0.95) (layers Top F.Paste F.Mask) (roundrect_rratio 0.25)
      (net 2 +5V))
    (pad 1 smd roundrect (at -0.7875 0 180) (size 0.875 0.95) (layers Top F.Paste F.Mask) (roundrect_rratio 0.25)
      (net 76 "Net-(LED10-PadA)"))
    (model ${KISYS3DMOD}/Resistor_SMD.3dshapes/R_0603_1608Metric.wrl
      (at (xyz 0 0 0))
      (scale (xyz 1 1 1))
      (rotate (xyz 0 0 0))
    )
  )

  (module Resistor_SMD:R_0603_1608Metric (layer Top) (tedit 5B301BBD) (tstamp 5E1E0ED0)
    (at 151.9681 125.4456 90)
    (descr "Resistor SMD 0603 (1608 Metric), square (rectangular) end terminal, IPC_7351 nominal, (Body size source: http://www.tortai-tech.com/upload/download/2011102023233369053.pdf), generated with kicad-footprint-generator")
    (tags resistor)
    (path /5E742146)
    (attr smd)
    (fp_text reference R18 (at 0 -1.43 90) (layer F.SilkS)
      (effects (font (size 0.4 0.4) (thickness 0.08)))
    )
    (fp_text value 150 (at 0 1.43 90) (layer F.Fab)
      (effects (font (size 0.4 0.4) (thickness 0.08)))
    )
    (fp_text user %R (at 0 0 90) (layer F.Fab)
      (effects (font (size 0.4 0.4) (thickness 0.08)))
    )
    (fp_line (start 1.48 0.73) (end -1.48 0.73) (layer F.CrtYd) (width 0.05))
    (fp_line (start 1.48 -0.73) (end 1.48 0.73) (layer F.CrtYd) (width 0.05))
    (fp_line (start -1.48 -0.73) (end 1.48 -0.73) (layer F.CrtYd) (width 0.05))
    (fp_line (start -1.48 0.73) (end -1.48 -0.73) (layer F.CrtYd) (width 0.05))
    (fp_line (start -0.162779 0.51) (end 0.162779 0.51) (layer F.SilkS) (width 0.12))
    (fp_line (start -0.162779 -0.51) (end 0.162779 -0.51) (layer F.SilkS) (width 0.12))
    (fp_line (start 0.8 0.4) (end -0.8 0.4) (layer F.Fab) (width 0.1))
    (fp_line (start 0.8 -0.4) (end 0.8 0.4) (layer F.Fab) (width 0.1))
    (fp_line (start -0.8 -0.4) (end 0.8 -0.4) (layer F.Fab) (width 0.1))
    (fp_line (start -0.8 0.4) (end -0.8 -0.4) (layer F.Fab) (width 0.1))
    (pad 2 smd roundrect (at 0.7875 0 90) (size 0.875 0.95) (layers Top F.Paste F.Mask) (roundrect_rratio 0.25)
      (net 46 /P0))
    (pad 1 smd roundrect (at -0.7875 0 90) (size 0.875 0.95) (layers Top F.Paste F.Mask) (roundrect_rratio 0.25)
      (net 77 "Net-(LED11-PadA)"))
    (model ${KISYS3DMOD}/Resistor_SMD.3dshapes/R_0603_1608Metric.wrl
      (at (xyz 0 0 0))
      (scale (xyz 1 1 1))
      (rotate (xyz 0 0 0))
    )
  )

  (module Resistor_SMD:R_0603_1608Metric (layer Top) (tedit 5B301BBD) (tstamp 5E1E0ED8)
    (at 149.4281 125.4456 90)
    (descr "Resistor SMD 0603 (1608 Metric), square (rectangular) end terminal, IPC_7351 nominal, (Body size source: http://www.tortai-tech.com/upload/download/2011102023233369053.pdf), generated with kicad-footprint-generator")
    (tags resistor)
    (path /5DA6AAAB)
    (attr smd)
    (fp_text reference R19 (at 0 -1.43 90) (layer F.SilkS)
      (effects (font (size 0.4 0.4) (thickness 0.08)))
    )
    (fp_text value 150 (at 0 1.43 90) (layer F.Fab)
      (effects (font (size 0.4 0.4) (thickness 0.08)))
    )
    (fp_text user %R (at 0 0 90) (layer F.Fab)
      (effects (font (size 0.4 0.4) (thickness 0.08)))
    )
    (fp_line (start 1.48 0.73) (end -1.48 0.73) (layer F.CrtYd) (width 0.05))
    (fp_line (start 1.48 -0.73) (end 1.48 0.73) (layer F.CrtYd) (width 0.05))
    (fp_line (start -1.48 -0.73) (end 1.48 -0.73) (layer F.CrtYd) (width 0.05))
    (fp_line (start -1.48 0.73) (end -1.48 -0.73) (layer F.CrtYd) (width 0.05))
    (fp_line (start -0.162779 0.51) (end 0.162779 0.51) (layer F.SilkS) (width 0.12))
    (fp_line (start -0.162779 -0.51) (end 0.162779 -0.51) (layer F.SilkS) (width 0.12))
    (fp_line (start 0.8 0.4) (end -0.8 0.4) (layer F.Fab) (width 0.1))
    (fp_line (start 0.8 -0.4) (end 0.8 0.4) (layer F.Fab) (width 0.1))
    (fp_line (start -0.8 -0.4) (end 0.8 -0.4) (layer F.Fab) (width 0.1))
    (fp_line (start -0.8 0.4) (end -0.8 -0.4) (layer F.Fab) (width 0.1))
    (pad 2 smd roundrect (at 0.7875 0 90) (size 0.875 0.95) (layers Top F.Paste F.Mask) (roundrect_rratio 0.25)
      (net 44 /P1))
    (pad 1 smd roundrect (at -0.7875 0 90) (size 0.875 0.95) (layers Top F.Paste F.Mask) (roundrect_rratio 0.25)
      (net 78 "Net-(LED12-PadA)"))
    (model ${KISYS3DMOD}/Resistor_SMD.3dshapes/R_0603_1608Metric.wrl
      (at (xyz 0 0 0))
      (scale (xyz 1 1 1))
      (rotate (xyz 0 0 0))
    )
  )

  (module Resistor_SMD:R_0603_1608Metric (layer Bottom) (tedit 5B301BBD) (tstamp 5E1E0EE0)
    (at 156.21 105.5066 90)
    (descr "Resistor SMD 0603 (1608 Metric), square (rectangular) end terminal, IPC_7351 nominal, (Body size source: http://www.tortai-tech.com/upload/download/2011102023233369053.pdf), generated with kicad-footprint-generator")
    (tags resistor)
    (path /5EAB45A3)
    (attr smd)
    (fp_text reference R2 (at 0 1.43 90) (layer B.SilkS)
      (effects (font (size 0.4 0.4) (thickness 0.08)) (justify mirror))
    )
    (fp_text value 10K (at 0 -1.43 90) (layer B.Fab)
      (effects (font (size 0.4 0.4) (thickness 0.08)) (justify mirror))
    )
    (fp_text user %R (at 0 0 90) (layer B.Fab)
      (effects (font (size 0.4 0.4) (thickness 0.08)) (justify mirror))
    )
    (fp_line (start 1.48 -0.73) (end -1.48 -0.73) (layer B.CrtYd) (width 0.05))
    (fp_line (start 1.48 0.73) (end 1.48 -0.73) (layer B.CrtYd) (width 0.05))
    (fp_line (start -1.48 0.73) (end 1.48 0.73) (layer B.CrtYd) (width 0.05))
    (fp_line (start -1.48 -0.73) (end -1.48 0.73) (layer B.CrtYd) (width 0.05))
    (fp_line (start -0.162779 -0.51) (end 0.162779 -0.51) (layer B.SilkS) (width 0.12))
    (fp_line (start -0.162779 0.51) (end 0.162779 0.51) (layer B.SilkS) (width 0.12))
    (fp_line (start 0.8 -0.4) (end -0.8 -0.4) (layer B.Fab) (width 0.1))
    (fp_line (start 0.8 0.4) (end 0.8 -0.4) (layer B.Fab) (width 0.1))
    (fp_line (start -0.8 0.4) (end 0.8 0.4) (layer B.Fab) (width 0.1))
    (fp_line (start -0.8 -0.4) (end -0.8 0.4) (layer B.Fab) (width 0.1))
    (pad 2 smd roundrect (at 0.7875 0 90) (size 0.875 0.95) (layers Bottom B.Paste B.Mask) (roundrect_rratio 0.25)
      (net 82 /RAPTOR_CS))
    (pad 1 smd roundrect (at -0.7875 0 90) (size 0.875 0.95) (layers Bottom B.Paste B.Mask) (roundrect_rratio 0.25)
      (net 2 +5V))
    (model ${KISYS3DMOD}/Resistor_SMD.3dshapes/R_0603_1608Metric.wrl
      (at (xyz 0 0 0))
      (scale (xyz 1 1 1))
      (rotate (xyz 0 0 0))
    )
  )

  (module Resistor_SMD:R_0603_1608Metric (layer Top) (tedit 5B301BBD) (tstamp 5E1E0EE8)
    (at 146.8881 125.4456 90)
    (descr "Resistor SMD 0603 (1608 Metric), square (rectangular) end terminal, IPC_7351 nominal, (Body size source: http://www.tortai-tech.com/upload/download/2011102023233369053.pdf), generated with kicad-footprint-generator")
    (tags resistor)
    (path /5E742159)
    (attr smd)
    (fp_text reference R20 (at 0 -1.43 90) (layer F.SilkS)
      (effects (font (size 0.4 0.4) (thickness 0.08)))
    )
    (fp_text value 150 (at 0 1.43 90) (layer F.Fab)
      (effects (font (size 0.4 0.4) (thickness 0.08)))
    )
    (fp_text user %R (at 0 0 90) (layer F.Fab)
      (effects (font (size 0.4 0.4) (thickness 0.08)))
    )
